Au3Ar5+

  Au  0.28096933272207     -0.99885231921469     -1.28175997521099
  Au  0.47763693435411      1.16171495437764      0.18206279318744
  Au  -1.01636999868386     -0.82893482382114      0.99140346546040
  Ar  -2.63019232984696     -1.91488929246548      2.74446765958012
  Ar  1.45346306354621      3.56015118387175      0.56708084256830
  Ar  0.89445821614814     -2.37227373668760     -3.42493688691305
  Ar  2.39128160121949      1.47636740958842     -2.92890092971624
  Ar  -1.17666119945919      1.91592950435110      3.37623290104402
