Au3Kr5+

  Au  0.24016150284856     -0.56482475972760     -0.94061772678709
  Au  0.50677608464832      1.58872941358460      0.52426776917156
  Au  -0.99815556610547     -0.40373677833522      1.36004760718198
  Kr  -2.57702594823106     -1.28805028155983      3.31008609175685
  Kr  1.43852501217653      4.01830282025686      1.07698401622484
  Kr  0.81623977026724     -1.92351146581184     -3.15915937184966
  Kr  2.48615039322665      1.98967426957123     -2.53223711676512
  Kr  -1.75195024883078     -3.64642921797819     -0.15975426893336
