Au3Xe5+

  Au  0.23502945389304     -0.59615513286638     -1.03600773228874
  Au  0.51855020449398      1.55793532086789      0.43594656633749
  Au  -0.98613582793926     -0.45426968952266      1.28275684958071
  Xe  -2.54085278889411     -1.11790947920895      3.43263885496382
  Xe  1.31648367203900      4.04141618875181      1.25712502886289
  Xe  0.78529309752605     -1.98548078073874     -3.33682632063901
  Xe  2.59859751327630      2.05584804245380     -2.49381750870575
  Xe  -1.76624452439500     -3.73123076973677     -0.06219804811141
