8
Au4Ar4+
  Au  0.29945452834142     -1.03481261956761      0.77363805456773
  Au  -0.29933633215691      1.03495391677251     -0.77317753228585
  Au  -0.54763155005295      1.24515432854292      1.87619594106066
  Au  0.54773849656391     -1.24496197285482     -1.87561523427300
  Ar  0.91335074726625     -3.15422292366400      2.35422249884867
  Ar  -0.91287514992161      3.15287015884696     -2.35587496835948
  Ar  1.20076839707039     -2.71807925570516     -4.14800522750879
  Ar  -1.20095873711050      2.71910344762920      4.14790997795006
