Au4Kr4+

  Au  0.29591359623525     -1.02923965707367      0.76869467069381
  Au  -0.29497326943473      1.02972101390776     -0.76815426319422
  Au  -0.55097592485807      1.25363257958102      1.88884787597515
  Au  0.55190857487612     -1.25323194829545     -1.88833726934806
  Kr  0.91399313182256     -3.15669863510758      2.35442184254153
  Kr  -0.91536003905357      3.15489830720160     -2.35605274026803
  Kr  1.20219797045831     -2.72155080924042     -4.15109987241774
  Kr  -1.20219364004587      2.72247422902673      4.15097326601755
