Au4Xe4+

  Au  0.29697586258367     -1.02630474797615      0.76614273284934
  Au  -0.29651832078118      1.02657912274307     -0.76574330449449
  Au  -0.55536609315073      1.26197642470258      1.90324043845450
  Au  0.55586270986640     -1.26174433026921     -1.90283514548869
  Xe  0.92339660445436     -3.19006498292512      2.38128160683285
  Xe  -0.92383625397361      3.18873394003064     -2.38265725320746
  Xe  1.21183312951938     -2.74362582980947     -4.18572972673864
  Xe  -1.21183723851828      2.74445548350365      4.18559416179258
